G weakly chordal: True
{(0, 1, 4), (1, 3, 6), (1, 3, 4), (0, 2, 5), (2, 3, 6)}
Delta is flag: True
its projective dimension is: 2
The projective dimension of its 1-skeleton: 1
Something is wrong!

G weakly chordal: True
{(1, 2, 5), (3, 4, 6), (3, 5), (0, 1, 2), (0, 2, 6), (0, 3, 6)}
Delta is flag: True
its projective dimension is: 2
The projective dimension of its 1-skeleton: 1
Something is wrong!

[{(4, 6), (0, 6), (2, 3), (1, 2), (2, 6), (4, 5), (0, 1), (2, 5), (0, 4), (0, 5), (2, 4), (5, 6), (3, 5), (1, 6)}, {(2, 4, 5, 6), (2, 3, 5), (0, 1, 6), (1, 2, 6), (0, 4, 5, 6)}, {(3, 4), (4, 6), (0, 6), (0, 3), (2, 6), (4, 5), (0, 2), (2, 5), (0, 5), (1, 5), (3, 5), (1, 6), (1, 3)}, {(1, 3, 5), (4, 6), (0, 3, 5), (3, 4, 5), (0, 2, 6), (1, 6), (0, 2, 5)}, {(3, 5), (2, 6), (0, 1), (0, 3), (3, 6), (1, 3), (4, 5)}, {(3, 5), (2, 6), (4, 5), (3, 6), (0, 1, 3)}, {(1, 4), (0, 6), (1, 2), (4, 5), (0, 2), (3, 6), (1, 5), (1, 6), (1, 3)}, {(0, 6), (1, 4, 5), (1, 2), (1, 3, 6), (0, 2)}, {(0, 6), (2, 3), (0, 3), (0, 2), (0, 4), (0, 5), (5, 6), (1, 5), (3, 5), (1, 6)}, {(0, 5, 6), (0, 2, 3), (0, 3, 5), (1, 5, 6), (0, 4)}, {(0, 6), (2, 3), (0, 3), (2, 6), (0, 1), (0, 2), (0, 4), (0, 5), (2, 4), (5, 6), (3, 5), (1, 3)}, {(0, 2, 4), (0, 5, 6), (0, 2, 3), (0, 3, 5), (0, 2, 6), (0, 1, 3)}, {(3, 4), (1, 4), (2, 3), (0, 3), (4, 5), (0, 2), (3, 6), (2, 5), (2, 4), (5, 6), (1, 5)}, {(5, 6), (2, 3, 4), (0, 2, 3), (1, 4, 5), (3, 6), (2, 4, 5)}, {(3, 4), (2, 3), (0, 3), (2, 6), (0, 4), (0, 5), (5, 6), (1, 6), (1, 3)}, {(0, 3, 4), (5, 6), (2, 3), (2, 6), (1, 6), (1, 3), (0, 5)}, {(3, 4), (1, 4), (4, 6), (1, 2), (0, 3), (4, 5), (3, 6), (2, 5), (0, 5), (1, 5), (3, 5), (1, 3)}, {(1, 2, 5), (3, 4, 6), (1, 3, 4, 5), (0, 3, 5)}, {(0, 6), (2, 3), (1, 2), (0, 3), (2, 6), (3, 6), (2, 5), (0, 4), (0, 5), (5, 6), (1, 5), (3, 5)}, {(1, 2, 5), (2, 3, 5, 6), (0, 4), (0, 3, 5, 6)}, {(1, 2), (0, 3), (4, 5), (0, 1), (2, 5), (0, 5), (1, 5), (6,), (1, 3)}, {(1, 2, 5), (6,), (0, 1, 5), (4, 5), (0, 1, 3)}, {(1, 4), (4, 6), (2, 3), (0, 3), (2, 6), (0, 2), (2, 5), (0, 5), (2, 4), (1, 5), (1, 3)}, {(2, 4, 6), (1, 4), (1, 5), (0, 2, 3), (1, 3), (0, 2, 5)}, {(4, 6), (0, 6), (2, 3), (1, 2), (4, 5), (3, 6), (2, 5), (0, 4), (2, 4), (1, 6), (1, 3)}, {(1, 2, 3), (0, 4, 6), (1, 3, 6), (2, 4, 5)}, {(0, 6), (1, 2), (4, 5), (0, 2), (2, 5), (0, 5), (3,), (2, 4)}, {(3,), (0, 6), (1, 2), (2, 4, 5), (0, 2, 5)}, {(1, 4), (4, 6), (2, 3), (1, 2), (2, 6), (0, 2), (3, 6), (2, 5), (0, 5), (5, 6), (3, 5), (1, 6)}, {(1, 2, 6), (2, 3, 5, 6), (0, 2, 5), (1, 4, 6)}, {(3, 4), (1, 4), (4, 6), (0, 6), (1, 2), (0, 3), (2, 6), (0, 1), (3, 6), (4, 5), (0, 4), (2, 4), (5, 6), (1, 3)}, {(2, 4, 6), (1, 2, 4), (0, 3, 4, 6), (0, 1, 3, 4), (4, 5, 6)}, {(1, 4), (4, 6), (1, 2), (2, 6), (0, 2), (0, 5), (3,), (5, 6), (1, 6)}, {(3,), (1, 4, 6), (5, 6), (0, 2), (1, 2, 6), (0, 5)}, {(3, 4), (4, 6), (0, 6), (1, 2), (2, 6), (4, 5), (0, 1), (3, 6), (2, 5), (0, 5), (2, 4), (5, 6), (3, 5), (1, 6)}, {(3, 4, 5, 6), (2, 4, 5, 6), (0, 5, 6), (0, 1, 6), (1, 2, 6)}, {(1, 4), (4, 6), (4, 5), (3, 6), (2, 5), (0, 4), (0, 5), (3, 5), (1, 3)}, {(1, 4), (4, 6), (3, 5), (0, 4, 5), (3, 6), (1, 3), (2, 5)}, {(3, 4), (1, 4), (0, 6), (1, 2), (4, 5), (2, 4), (1, 5), (3, 5), (1, 3)}, {(1, 2, 4), (0, 6), (1, 3, 4, 5)}]
[1, 1, 1, 2, 0, 0, 1, 1, 0, 0, 1, 1, 1, 1, 2, 2, 0, 0, 0, 0, 0, 0, 1, 1, 1, 1, 0, 0, 0, 0, 1, 1, 1, 1, 1, 1, 1, 1, 0, 0]
[({(1, 3, 5), (4, 6), (0, 3, 5), (3, 4, 5), (0, 2, 6), (1, 6), (0, 2, 5)}, 'wc conj fails'), ({(3, 5), (2, 6), (0, 1), (0, 3), (3, 6), (1, 3), (4, 5)}, 2, 0, 'Clique bound fails'), ({(0, 6), (2, 3), (0, 3), (0, 2), (0, 4), (0, 5), (5, 6), (1, 5), (3, 5), (1, 6)}, 1, 0, 'Clique bound fails'), ({(3, 4), (1, 4), (4, 6), (1, 2), (0, 3), (4, 5), (3, 6), (2, 5), (0, 5), (1, 5), (3, 5), (1, 3)}, 2, 0, 'Clique bound fails'), ({(0, 6), (1, 2), (4, 5), (0, 2), (2, 5), (0, 5), (3,), (2, 4)}, 1, 0, 'Clique bound fails'), ({(3, 4), (1, 4), (0, 6), (1, 2), (4, 5), (2, 4), (1, 5), (3, 5), (1, 3)}, 1, 0, 'Clique bound fails')]
^ Indexing was incorrect; clique bound is just strict.
